Temperature             Resistance
(Kelvin)                (Ohms)

1.81663612080346E+01   1.31865792090436E+04
1.91372655008999E+01   1.21133495178035E+04
2.01036148471443E+01   1.11808525150615E+04
2.11674260252969E+01   1.02908965738048E+04
2.27477620494181E+01   9.17184138575261E+03
2.43859488445169E+01   8.21116422271294E+03
2.60584021652940E+01   7.39397405508827E+03
2.77222268586447E+01   6.70753972934105E+03
2.93797576828834E+01   6.12430953401480E+03
3.12264366499551E+01   5.56763299620937E+03
3.33640004431196E+01   5.02149680184289E+03
3.63894271872821E+01   4.38860787087708E+03
3.94105055704021E+01   3.87904207659799E+03
4.24212522444601E+01   3.46303749943219E+03
4.54150846951231E+01   3.11831605174610E+03
4.84145179015424E+01   2.82677918423647E+03
5.04036447610163E+01   2.65780523822261E+03
5.53847704747496E+01   2.30088846349077E+03
6.03692960681375E+01   2.01758257375452E+03
6.53545034955867E+01   1.78819392620138E+03
7.03432255375957E+01   1.59920698996267E+03
7.53260971829766E+01   1.44166037569249E+03
8.03124959588231E+01   1.30819457300306E+03
8.53093224570240E+01   1.19417218381866E+03
9.02999581269145E+01   1.09588506073768E+03
9.52894731804194E+01   1.01037728128320E+03
1.00282557233448E+02   9.35441980679247E+02
1.10261386214285E+02   8.10721268012786E+02
1.20246597024352E+02   7.11347293486998E+02
1.30247927838677E+02   6.30675726277978E+02
1.40234085427146E+02   5.64271632925276E+02
1.50235654117925E+02   5.08686521150101E+02
1.60221756082993E+02   4.61776198672394E+02
1.70211670077791E+02   4.21722898134930E+02
1.80202152649250E+02   3.87186993206398E+02
1.90197251268263E+02   3.57202019419000E+02
2.00199868157133E+02   3.30965979599990E+02
2.10194450789389E+02   3.07902847457250E+02
2.20181056756849E+02   2.87507261144408E+02
2.30185305178227E+02   2.69299679063711E+02
2.40181244137584E+02   2.53086106723646E+02
2.50164592369764E+02   2.38515706758131E+02
2.60173565579746E+02   2.25364037622389E+02
2.70163952290550E+02   2.13488756252279E+02
2.80170028871175E+02   2.02696594965302E+02
2.90163789190947E+02   1.92865424302782E+02
3.00165969389470E+02   1.83901857662621E+02
3.10139665248155E+02   1.75684000862986E+02
3.15141750606743E+02   1.71817927438932E+02
3.20136102294937E+02   1.68117272799460E+02
3.26127736223388E+02   1.63886316866871E+02
3.30135980663515E+02   1.61149293731375E+02
