Temperature             Resistance
(Kelvin)                (Ohms)

1.81661795610142E+01   1.21015022211762E+04
1.91350263897647E+01   1.11350263406067E+04
2.01055152478335E+01   1.02916087314868E+04
2.11696251121767E+01   9.48525138242753E+03
2.27464177876339E+01   8.47213705060549E+03
2.43834494243924E+01   7.60106218644826E+03
2.60578571759287E+01   6.85573094923142E+03
2.77249350018007E+01   6.22900416159164E+03
2.93826822202239E+01   5.69522749323210E+03
3.12260880792866E+01   5.18714694477883E+03
3.33642813202895E+01   4.68680460082145E+03
3.63898909656468E+01   4.10501680829245E+03
3.94086655607275E+01   3.63623206342059E+03
4.24224995489959E+01   3.25157034209271E+03
4.54165352659674E+01   2.93275566628892E+03
4.84175507231684E+01   2.66269576525614E+03
5.04024421650398E+01   2.50620536681907E+03
5.53862214741631E+01   2.17444512714225E+03
6.03701003654186E+01   1.91039733207786E+03
6.53548163691013E+01   1.69643463522305E+03
7.03421771056037E+01   1.51978191401450E+03
7.53291467571187E+01   1.37191487759657E+03
8.03127279924088E+01   1.24692366900919E+03
8.53101714937420E+01   1.13963605560040E+03
9.03013091850185E+01   1.04706403767153E+03
9.52922550222421E+01   9.66489933075257E+02
1.00283619716122E+02   8.95764374480041E+02
1.10266588801291E+02   7.77794344021509E+02
1.20250686147949E+02   6.83714850623463E+02
1.30249115411495E+02   6.07157156253175E+02
1.40224703090256E+02   5.44075790021785E+02
1.50235716269068E+02   4.91050873761626E+02
1.60225406325242E+02   4.46306696573752E+02
1.70212534676948E+02   4.08011806249645E+02
1.80202182140513E+02   3.75018450634350E+02
1.90200222538718E+02   3.46290589203333E+02
2.00199857249377E+02   3.21142677589840E+02
2.10194745778478E+02   2.98996074422006E+02
2.20182431377566E+02   2.79433672124409E+02
2.30186527248248E+02   2.61917638996208E+02
2.40182613799994E+02   2.46329201156045E+02
2.50164829415474E+02   2.32305126547480E+02
2.60176171147988E+02   2.19630977308529E+02
2.70167138159868E+02   2.08173843127358E+02
2.80170126251413E+02   1.97739623873047E+02
2.90164674491559E+02   1.88271301872475E+02
3.00164777920501E+02   1.79587531996446E+02
3.10137336102497E+02   1.71651341651934E+02
3.15144295560226E+02   1.67910855377079E+02
3.20137350373356E+02   1.64338647752310E+02
3.26129815794231E+02   1.60226695083885E+02
3.30136167703248E+02   1.57600197286151E+02
