Temperature             Resistance
(Kelvin)                (Ohms)

1.81149449417870E+01   1.32054458366061E+04
1.90871272921386E+01   1.21268209602463E+04
2.00593835308865E+01   1.11912015763031E+04
2.11277560473159E+01   1.02954173838831E+04
2.27132615729532E+01   9.17240125160408E+03
2.43069418848432E+01   8.23753639510172E+03
2.58851387754985E+01   7.45899301655462E+03
2.74776515989240E+01   6.79154631281034E+03
2.90645501304414E+01   6.21898658016246E+03
3.08672497090688E+01   5.66161930100150E+03
3.29675812385456E+01   5.11117980002029E+03
3.59570636931237E+01   4.46761342684423E+03
3.89569957991178E+01   3.94697540804918E+03
4.19433098883949E+01   3.52335869243627E+03
4.49450709521889E+01   3.16840454558654E+03
4.79352607375560E+01   2.87070804944475E+03
4.99286469842684E+01   2.69721791220132E+03
5.49262311422898E+01   2.33174830458118E+03
5.99341721465660E+01   2.04176941618234E+03
6.49372556501970E+01   1.80777248971486E+03
6.99344135929675E+01   1.61565309771449E+03
7.49323115820783E+01   1.45547333101675E+03
7.99305321038244E+01   1.32021296811955E+03
8.49249155781172E+01   1.20486338939707E+03
8.99219525827059E+01   1.10531251009261E+03
9.49237821789807E+01   1.01869492062658E+03
9.99162123005924E+01   9.43075429262053E+02
1.09921801006992E+02   8.16858362056689E+02
1.19924672063668E+02   7.16461371944921E+02
1.29916558372915E+02   6.35263249874845E+02
1.39921948350721E+02   5.68155192812668E+02
1.49927453634331E+02   5.12177822799963E+02
1.59932762303012E+02   4.64832125824439E+02
1.69932331646883E+02   4.24457187333594E+02
1.79930375860252E+02   3.89663922675300E+02
1.89931785297404E+02   3.59481326065846E+02
1.99931356181264E+02   3.33079473509759E+02
2.09940843620022E+02   3.09826347232128E+02
2.19950676623251E+02   2.89248805052754E+02
2.29953969162706E+02   2.70976217695984E+02
2.39945448074981E+02   2.54641705046713E+02
2.49946569209796E+02   2.39967198094126E+02
2.59959190118425E+02   2.26723245214276E+02
2.69961579187397E+02   2.14766436486629E+02
2.79946728417148E+02   2.03920140387747E+02
2.89965434037521E+02   1.94012813754458E+02
2.99973956168307E+02   1.84968028090189E+02
3.09966522642620E+02   1.76685792857700E+02
3.14966642810508E+02   1.72823300031725E+02
3.19979035026640E+02   1.69069629526146E+02
3.25987355089782E+02   1.64789662117874E+02
3.29985211344380E+02   1.62061964379726E+02
