Temperature             Resistance
(Kelvin)                (Ohms)

1.81123403812263E+01   1.36220152720142E+04
1.90863768739957E+01   1.25026345500086E+04
2.00576526055938E+01   1.15320079395946E+04
2.11276655529488E+01   1.06017460284923E+04
2.27132556349022E+01   9.44012602897853E+03
2.43091575151794E+01   8.47077205753051E+03
2.58854092701290E+01   7.66781804844455E+03
2.74756956613783E+01   6.97825611857850E+03
2.90672698135561E+01   6.38544978123624E+03
3.08669962942231E+01   5.81154055760569E+03
3.29670712345102E+01   5.24272462030372E+03
3.59561225536105E+01   4.57969934343332E+03
3.89556493366317E+01   4.04424181358849E+03
4.19434145659067E+01   3.60725042864320E+03
4.49459147601229E+01   3.24226689767217E+03
4.79357710593464E+01   2.93632704051467E+03
4.99290846149308E+01   2.75822414761409E+03
5.49272116574639E+01   2.38273515050976E+03
5.99339617439698E+01   2.08525461772642E+03
6.49375567653043E+01   1.84519930125016E+03
6.99344744472402E+01   1.64836927844611E+03
7.49318276337979E+01   1.48426417415031E+03
7.99301374190872E+01   1.34573994198312E+03
8.49243549821892E+01   1.22770462293838E+03
8.99215821972658E+01   1.12583858517408E+03
9.49245347704521E+01   1.03728440437932E+03
9.99139896162372E+01   9.60065188826030E+02
1.09921353645360E+02   8.30976597806838E+02
1.19926057766745E+02   7.28532316030016E+02
1.29917031000846E+02   6.45638616281760E+02
1.39922368119521E+02   5.77219839501820E+02
1.49928191820692E+02   5.20149859354108E+02
1.59933171171653E+02   4.71924070512677E+02
1.69932777614850E+02   4.30763181709803E+02
1.79932050231445E+02   3.95366364705483E+02
1.89931612610500E+02   3.64627749909704E+02
1.99933465557137E+02   3.37755785016517E+02
2.09941140160820E+02   3.14107644401315E+02
2.19952643909682E+02   2.93180645837045E+02
2.29954190483491E+02   2.74590053111368E+02
2.39944405862289E+02   2.57979445262892E+02
2.49946976926291E+02   2.43076520449212E+02
2.59959404469954E+02   2.29646362767159E+02
2.69962927135340E+02   2.17474998014245E+02
2.79948093228731E+02   2.06459535794193E+02
2.89967466661458E+02   1.96394675254002E+02
2.99971267861457E+02   1.87210790883487E+02
3.09968114782822E+02   1.78807501601733E+02
3.14968008114196E+02   1.74874489869483E+02
3.19978708795144E+02   1.71074349011725E+02
3.25985967459710E+02   1.66733670228659E+02
3.29983868021100E+02   1.63955863283327E+02
