Temperature             Resistance
(Kelvin)                (Ohms)

1.81661973805546E+01   1.28494190229471E+04
1.91350307708275E+01   1.18121293074701E+04
2.01051627849497E+01   1.09075555089256E+04
2.11694556264419E+01   1.00438868493182E+04
2.27457245770664E+01   8.96093349488967E+03
2.43842454848431E+01   8.02989665519046E+03
2.60574042417490E+01   7.23570250176535E+03
2.77214723427063E+01   6.56810233439027E+03
2.93811985960003E+01   5.99995097754809E+03
3.12254379268655E+01   5.45857193338864E+03
3.33651115746458E+01   4.92726954341102E+03
3.63895015970575E+01   4.30970905960042E+03
3.94097995305562E+01   3.81294970940245E+03
4.24225815815608E+01   3.40601764278230E+03
4.54159008996236E+01   3.06891930215107E+03
4.84166754498397E+01   2.78365046539828E+03
5.04027345619355E+01   2.61838578076046E+03
5.53856946847881E+01   2.26909320596682E+03
6.03698730053208E+01   1.99117165669658E+03
6.53543119041605E+01   1.76613904084475E+03
7.03418859175243E+01   1.58054559559999E+03
7.53282142091301E+01   1.42557015042384E+03
8.03129349268669E+01   1.29457191510982E+03
8.53108191679194E+01   1.18223003921874E+03
9.03014854269253E+01   1.08546915397391E+03
9.52925033271312E+01   1.00123524500096E+03
1.00283533107800E+02   9.27356572038162E+02
1.10266001891968E+02   8.04300557476512E+02
1.20249398464591E+02   7.06207502877201E+02
1.30248551456639E+02   6.26499519070086E+02
1.40227188456560E+02   5.60901134384885E+02
1.50234815719232E+02   5.05865805015884E+02
1.60225298470634E+02   4.59389298927727E+02
1.70212329818936E+02   4.19704736866834E+02
1.80202151844070E+02   3.85477486711227E+02
1.90200557444984E+02   3.55737298532880E+02
2.00200871568663E+02   3.29699127378600E+02
2.10194173880625E+02   3.06805384795802E+02
2.20181448571376E+02   2.86544605836853E+02
2.30186551834453E+02   2.68495312500058E+02
2.40182414749089E+02   2.52354378281237E+02
2.50165727086094E+02   2.37889291142520E+02
2.60175464005465E+02   2.24794557367330E+02
2.70165971253252E+02   2.12984342437730E+02
2.80171174131601E+02   2.02231341457941E+02
2.90164118037011E+02   1.92449626484249E+02
3.00167926750726E+02   1.83505110400447E+02
3.10137992263110E+02   1.75337040250213E+02
3.15143518629363E+02   1.71477806531154E+02
3.20139061669795E+02   1.67783703483401E+02
3.26127761758441E+02   1.63558899145799E+02
3.30137396792962E+02   1.60843122369420E+02
