Temperature             Resistance
(Kelvin)                (Ohms)

1.81666215964463E+01   1.33251837543262E+04
1.91334183880946E+01   1.22421646751994E+04
2.01033109119972E+01   1.12985567125222E+04
2.11687442046490E+01   1.03964084053776E+04
2.27485351605159E+01   9.26494607349849E+03
2.43842847023326E+01   8.29613447086028E+03
2.60606857106388E+01   7.46839923572678E+03
2.77258979728832E+01   6.77439121273836E+03
2.93820030625203E+01   6.18554894905626E+03
3.12281420381211E+01   5.62331455954609E+03
3.33607055754107E+01   5.07331277499651E+03
3.63913345392383E+01   4.43237704393828E+03
3.94083448759418E+01   3.91830158636519E+03
4.24226518400993E+01   3.49729922927644E+03
4.54179969991807E+01   3.14861388313129E+03
4.84163449761924E+01   2.85509538448068E+03
5.04017100104180E+01   2.68416568425439E+03
5.53861276502411E+01   2.32366566541419E+03
6.03706128371900E+01   2.03729869397932E+03
6.53555014113483E+01   1.80570675495012E+03
7.03423383594591E+01   1.61496405916197E+03
7.53307058086503E+01   1.45566955160571E+03
8.03130269210330E+01   1.32125880509128E+03
8.53088838479040E+01   1.20595225563475E+03
9.03025156583494E+01   1.10665692181519E+03
9.52933712905264E+01   1.02031404276632E+03
1.00285911585065E+02   9.44663508226346E+02
1.10265905574832E+02   8.18636371251570E+02
1.20252568002956E+02   7.18334470121642E+02
1.30252502769258E+02   6.36918163116676E+02
1.40219170878054E+02   5.69977731308769E+02
1.50236019769269E+02   5.13773562151481E+02
1.60227800297722E+02   4.66374740653582E+02
1.70212798753843E+02   4.25926271781643E+02
1.80202630445610E+02   3.91090138177955E+02
1.90200494766303E+02   3.60796368516659E+02
2.00201960562239E+02   3.34281638843886E+02
2.10193528487652E+02   3.11010921239329E+02
2.20183702662232E+02   2.90404714723523E+02
2.30186713495143E+02   2.72070759450677E+02
2.40180545985787E+02   2.55666441926846E+02
2.50165485753447E+02   2.40973279250829E+02
2.60176461568742E+02   2.27688236533637E+02
2.70167765766836E+02   2.15679138450722E+02
2.80170827262802E+02   2.04795844946680E+02
2.90163028399477E+02   1.94878038979604E+02
3.00164909500988E+02   1.85773566814549E+02
3.10139488318764E+02   1.77509951036318E+02
3.15140710210027E+02   1.73617877661298E+02
3.20138256536566E+02   1.69867958112955E+02
3.26128172217354E+02   1.65579686721468E+02
3.30136536320176E+02   1.62833476588177E+02
