Temperature             Resistance
(Kelvin)                (Ohms)

1.81154286703332E+01   1.27762374061894E+04
1.90845253867170E+01   1.17419228586868E+04
2.00578077179654E+01   1.08386965411313E+04
2.11276614755061E+01   9.97721917943110E+03
2.27136270960983E+01   8.89258562902861E+03
2.43093627553795E+01   7.98799964909488E+03
2.58858923088594E+01   7.23792200781966E+03
2.74752087571811E+01   6.59426540890584E+03
2.90699113740573E+01   6.03813950808573E+03
3.08700168342207E+01   5.50070150876993E+03
3.29664941711968E+01   4.96781435787709E+03
3.59587379542060E+01   4.34492050163571E+03
3.89549355957285E+01   3.84157825942443E+03
4.19413683312211E+01   3.43057071230229E+03
4.49447610400758E+01   3.08628780005883E+03
4.79355311814790E+01   2.79715694567100E+03
4.99359552008806E+01   2.62841457471698E+03
5.49294926128017E+01   2.27390005403075E+03
5.99325908316064E+01   1.99234894019282E+03
6.49334948199737E+01   1.76492400851378E+03
6.99345558827677E+01   1.57792652356176E+03
7.49313173115922E+01   1.42209715503195E+03
7.99290008578136E+01   1.29045017852566E+03
8.49256765212646E+01   1.17798526328806E+03
8.99213346532593E+01   1.08102363203819E+03
9.49217101916016E+01   9.96678706071289E+02
9.99151797767547E+01   9.22946979525012E+02
1.09921094466711E+02   7.99758244422735E+02
1.19926696148504E+02   7.01798959992542E+02
1.29918171832898E+02   6.22473863736176E+02
1.39923010317756E+02   5.56981107949622E+02
1.49928001322245E+02   5.02254557991902E+02
1.59934212508348E+02   4.56002788331387E+02
1.69932064384052E+02   4.16537337121157E+02
1.79931667505172E+02   3.82510185686089E+02
1.89934851828662E+02   3.52957214636528E+02
1.99933612320163E+02   3.27111230277819E+02
2.09941717307841E+02   3.04364107528794E+02
2.19951527457374E+02   2.84221258075015E+02
2.29951539179830E+02   2.66330317847143E+02
2.39944570851683E+02   2.50339891976822E+02
2.49944522587965E+02   2.35973783268250E+02
2.59955702151315E+02   2.23010852972638E+02
2.69959903043510E+02   2.11278292495904E+02
2.79956810748702E+02   2.00642053702508E+02
2.89969494122928E+02   1.90934935806119E+02
2.99973018567638E+02   1.82065441972953E+02
3.09967140920805E+02   1.73954096978219E+02
3.14968259351226E+02   1.70143132149916E+02
3.19978013597908E+02   1.66496026300355E+02
3.25984290168808E+02   1.62293839350313E+02
3.29982460803857E+02   1.59613771106001E+02
