Temperature             Resistance
(Kelvin)                (Ohms)

1.81124021311745E+01   8.75787190623085E+03
1.90844170803601E+01   8.09756179627508E+03
2.00591301171548E+01   7.51908139078495E+03
2.11271667769086E+01   6.96335036873519E+03
2.27136404359905E+01   6.26010448512288E+03
2.43091645876713E+01   5.66764123304843E+03
2.58855712947561E+01   5.17226334997249E+03
2.74759771074384E+01   4.74265728394200E+03
2.90656516918119E+01   4.37124636885248E+03
3.08679574742346E+01   4.00690317606445E+03
3.29673853646718E+01   3.64422534008492E+03
3.59578009817539E+01   3.21650817368168E+03
3.89573345673528E+01   2.86728223750247E+03
4.19428195525313E+01   2.57960667903243E+03
4.49450316851210E+01   2.33666460343219E+03
4.79336314329825E+01   2.13155660163204E+03
4.99306135578868E+01   2.01102448954216E+03
5.49268945236329E+01   1.75561061653777E+03
5.99345177105723E+01   1.55055743442722E+03
6.49359672187946E+01   1.38361515144394E+03
6.99345676175173E+01   1.24545358640257E+03
7.49320683391464E+01   1.12939361611769E+03
7.99309090785410E+01   1.03062049927353E+03
8.49258021278544E+01   9.45808015137025E+02
8.99216988982188E+01   8.72156340619921E+02
9.49230672570322E+01   8.07798641741643E+02
9.99178919921775E+01   7.51152471151668E+02
1.09922266818635E+02   6.56068707347684E+02
1.19923699808953E+02   5.79777346318425E+02
1.29916038124687E+02   5.17448740794616E+02
1.39921221236489E+02   4.65670481925019E+02
1.49925548707791E+02   4.22111020326881E+02
1.59933870161949E+02   3.85058021351617E+02
1.69932231356809E+02   3.53271940225595E+02
1.79930709824336E+02   3.25756158922611E+02
1.89929659466232E+02   3.01742979324893E+02
1.99931292896471E+02   2.80656757699057E+02
2.09940382650079E+02   2.62003689737870E+02
2.19950397423964E+02   2.45445094472898E+02
2.29952497612834E+02   2.30665805066550E+02
2.39944884862640E+02   2.17430915508730E+02
2.49945359549088E+02   2.05487661610425E+02
2.59955932576550E+02   1.94684797396664E+02
2.69963305972175E+02   1.84888566408982E+02
2.79946367408540E+02   1.75974013643307E+02
2.89964687322519E+02   1.67815712697640E+02
2.99972626757703E+02   1.60359563580291E+02
3.09968000189215E+02   1.53508357124339E+02
3.14959495686760E+02   1.50290825954480E+02
3.19978614238871E+02   1.47198813470580E+02
3.25985071514160E+02   1.43636662398320E+02
3.29983451197821E+02   1.41366290129197E+02
