Temperature             Resistance
(Kelvin)                (Ohms)

1.81155970867898E+01   1.36808536593541E+04
1.90864195414765E+01   1.25556699419222E+04
2.00577576032887E+01   1.15795602456528E+04
2.11264338685634E+01   1.06445902851524E+04
2.27132402640216E+01   9.47286271557468E+03
2.43094471135530E+01   8.49877371888698E+03
2.58850806911129E+01   7.68973810528184E+03
2.74754193248246E+01   6.99687146476485E+03
2.90714756636985E+01   6.39940408964669E+03
3.08694001699492E+01   5.82304632875938E+03
3.29664474319856E+01   5.25217935663785E+03
3.59580589390338E+01   4.58573961045807E+03
3.89535714699342E+01   4.04857635480996E+03
4.19423467500869E+01   3.61018427611702E+03
4.49452925716149E+01   3.24324000124031E+03
4.79349471904063E+01   2.93643224934341E+03
4.99339855063253E+01   2.75729371149354E+03
5.49288069267223E+01   2.38093002237020E+03
5.99329568350877E+01   2.08320154520492E+03
6.49351268265577E+01   1.84274250311098E+03
6.99350127869943E+01   1.64539468616998E+03
7.49310988109777E+01   1.48117275154587E+03
7.99289457783281E+01   1.34258544125359E+03
8.49249597969009E+01   1.22440515037116E+03
8.99212736299513E+01   1.12261227531159E+03
9.49227279823433E+01   1.03406627596501E+03
9.99141858391680E+01   9.56740947201380E+02
1.09920716962013E+02   8.27878122412228E+02
1.19926807024685E+02   7.25532853912925E+02
1.29917915412788E+02   6.42754389463078E+02
1.39922053378849E+02   5.74526931284804E+02
1.49928562173143E+02   5.17549877296524E+02
1.59933596517902E+02   4.69457982737239E+02
1.69932447890625E+02   4.28443919213009E+02
1.79931495967367E+02   3.93130636531787E+02
1.89933894504269E+02   3.62511322438140E+02
1.99933053476582E+02   3.35739485234965E+02
2.09939861842137E+02   3.12179615064289E+02
2.19952958515578E+02   2.91329817941645E+02
2.29954106745223E+02   2.72819484696759E+02
2.39944776875647E+02   2.56293937550394E+02
2.49946572124607E+02   2.41449282288627E+02
2.59957093209571E+02   2.28065870741411E+02
2.69960658409440E+02   2.15972260528628E+02
2.79948800214585E+02   2.05001703591138E+02
2.89966750398466E+02   1.94984619802398E+02
2.99972018052363E+02   1.85858719629718E+02
3.09966643866953E+02   1.77499610508832E+02
3.14966734571022E+02   1.73580752529461E+02
3.19978584510267E+02   1.69805827451046E+02
3.25986825200176E+02   1.65492404361808E+02
3.29986648707324E+02   1.62735433992557E+02
