Temperature             Resistance
(Kelvin)                (Ohms)

1.81667648391512E+01   1.29305260893803E+04
1.91331314470279E+01   1.18856555786492E+04
2.01037732817289E+01   1.09747969904177E+04
2.11680495902810E+01   1.01041037213605E+04
2.27479528255936E+01   9.00975603403828E+03
2.43842305558656E+01   8.07411341324648E+03
2.60586661481492E+01   7.27351107625447E+03
2.77269588696583E+01   6.60028192154865E+03
2.93827610312689E+01   6.02871070225872E+03
3.12283417494469E+01   5.48431151237111E+03
3.33619700329234E+01   4.95081103085567E+03
3.63911846222385E+01   4.32850830253524E+03
3.94077647321365E+01   3.82955134024264E+03
4.24223074598056E+01   3.42015318644459E+03
4.54174172081133E+01   3.08121569796615E+03
4.84170976705998E+01   2.79463023527772E+03
5.04022675703685E+01   2.62848949279694E+03
5.53857834781130E+01   2.27731885646451E+03
6.03702928218000E+01   1.99817919363967E+03
6.53551382844821E+01   1.77230803312844E+03
7.03416716712331E+01   1.58585755024737E+03
7.53304601815112E+01   1.43008853859932E+03
8.03127187655403E+01   1.29856620982946E+03
8.53093922734285E+01   1.18591003138453E+03
9.03023173898479E+01   1.08865396411264E+03
9.52934180454481E+01   1.00411413136896E+03
1.00285569341919E+02   9.29974453464210E+02
1.10266686809862E+02   8.06532241383536E+02
1.20252275001404E+02   7.08115188207683E+02
1.30252787718046E+02   6.28113482902194E+02
1.40220956511566E+02   5.62392863911000E+02
1.50236411638835E+02   5.07160628997542E+02
1.60227261618451E+02   4.60538582255039E+02
1.70212059770460E+02   4.20739555857971E+02
1.80202433558182E+02   3.86415439013267E+02
1.90199825133141E+02   3.56600392932311E+02
2.00203771150495E+02   3.30503460153657E+02
2.10194260511568E+02   3.07544926424804E+02
2.20182916066016E+02   2.87229047969674E+02
2.30187214121176E+02   2.69127983132111E+02
2.40181623904012E+02   2.52971758930151E+02
2.50164423700417E+02   2.38453402985043E+02
2.60173646617456E+02   2.25340292182418E+02
2.70167327988875E+02   2.13516243854091E+02
2.80171295963196E+02   2.02739009321571E+02
2.90164530862325E+02   1.92928226816293E+02
3.00165536899954E+02   1.83996594744359E+02
3.10137247325182E+02   1.75803848569647E+02
3.15142869327749E+02   1.71942165086751E+02
3.20137766957313E+02   1.68243776016577E+02
3.26127774453336E+02   1.64011256703798E+02
3.30135566583858E+02   1.61298414886820E+02
