Temperature             Resistance
(Kelvin)                (Ohms)

1.81659234760648E+01   1.14867172345145E+04
1.91344227612736E+01   1.05788717213953E+04
2.01043906989965E+01   9.78589689620172E+03
2.11679201147522E+01   9.02642063434937E+03
2.27458801689171E+01   8.07265637419191E+03
2.43839296122139E+01   7.25008364134839E+03
2.60581149945392E+01   6.54598616546096E+03
2.77223229572894E+01   5.95445481334874E+03
2.93804036511834E+01   5.44915241713029E+03
3.12257279333111E+01   4.96687140726288E+03
3.33655373557485E+01   4.49170357366803E+03
3.63892439188173E+01   3.93924755528164E+03
3.94104603697811E+01   3.49316035363736E+03
4.24225841009784E+01   3.12721633412183E+03
4.54154940754952E+01   2.82316776109852E+03
4.84163044910191E+01   2.56539234363324E+03
5.04033372063828E+01   2.41572794682555E+03
5.53855048130281E+01   2.09863955246238E+03
6.03699238976864E+01   1.84603353691237E+03
6.53543279074630E+01   1.64082934293190E+03
7.03420191510057E+01   1.47131581846225E+03
7.53275296058828E+01   1.32932281623340E+03
8.03127633999206E+01   1.20906985143805E+03
8.53106532502711E+01   1.10590398893526E+03
9.03011556971354E+01   1.01671506609693E+03
9.52912049322369E+01   9.39094827564131E+02
1.00283328029718E+02   8.70896500934982E+02
1.10265411838973E+02   7.57013878229967E+02
1.20249075504084E+02   6.66057873814299E+02
1.30248081139686E+02   5.91963270002087E+02
1.40228840778303E+02   5.30832767168760E+02
1.50235647538479E+02   4.79490925937264E+02
1.60225046377586E+02   4.36070974434744E+02
1.70212898511213E+02   3.98934108631796E+02
1.80201997003495E+02   3.66843577654474E+02
1.90198971596135E+02   3.38917918491278E+02
2.00199903276835E+02   3.14444179651690E+02
2.10194326976124E+02   2.92915106836577E+02
2.20182091841824E+02   2.73836566110678E+02
2.30186171722900E+02   2.56808367480535E+02
2.40181551789530E+02   2.41586150353081E+02
2.50164153371488E+02   2.27918463654444E+02
2.60175369616791E+02   2.15564330656760E+02
2.70166167694651E+02   2.04381596363890E+02
2.80172488346779E+02   1.94207306373038E+02
2.90163899061019E+02   1.84945676323919E+02
3.00166636813781E+02   1.76464331467862E+02
3.10138078064428E+02   1.68716438970547E+02
3.15140946234862E+02   1.65063900113813E+02
3.20138686634381E+02   1.61561818369606E+02
3.26128013387159E+02   1.57544873574043E+02
3.30136565901676E+02   1.54961064571990E+02
