Temperature             Resistance
(Kelvin)                (Ohms)

1.81127084724697E+01   1.34783334454357E+04
1.90843824154845E+01   1.23765269952190E+04
2.00586945416748E+01   1.14144690870622E+04
2.11287598007664E+01   1.04974356960828E+04
2.27135805243014E+01   9.34908732250804E+03
2.43096959879055E+01   8.39210120856491E+03
2.58860233532275E+01   7.59751359722144E+03
2.74754291822697E+01   6.91661121718509E+03
2.90666574565639E+01   6.32997131670167E+03
3.08681723345638E+01   5.76067718305985E+03
3.29652101680747E+01   5.19937366932223E+03
3.59590398506861E+01   4.54212999328234E+03
3.89550761254064E+01   4.01259185628657E+03
4.19420386597633E+01   3.57989255180014E+03
4.49440002978893E+01   3.21823511436897E+03
4.79309984710702E+01   2.91485820002171E+03
4.99346786819276E+01   2.73775276599793E+03
5.49291842402752E+01   2.36589003187454E+03
5.99337736243175E+01   2.07110102301720E+03
6.49333751688702E+01   1.83309510980657E+03
6.99351001401552E+01   1.63762370218330E+03
7.49317273751604E+01   1.47475949376600E+03
7.99309603726871E+01   1.33718640603903E+03
8.49266537538877E+01   1.22009452076922E+03
8.99209829535306E+01   1.11904929853331E+03
9.49208624159006E+01   1.03118223169567E+03
9.99176646035686E+01   9.54313241022486E+02
1.09921554483716E+02   8.26287559973181E+02
1.19924334816688E+02   7.24558351121705E+02
1.29916441734753E+02   6.42190289970338E+02
1.39920510878938E+02   5.74201257287541E+02
1.49924957940181E+02   5.17481407708120E+02
1.59931356415734E+02   4.69553670678641E+02
1.69930229528390E+02   4.28654225107451E+02
1.79928441803078E+02   3.93454380010075E+02
1.89930943612025E+02   3.62888016298648E+02
1.99930931940942E+02   3.36169717289069E+02
2.09940846280556E+02   3.12649805725446E+02
2.19950449328343E+02   2.91848467290814E+02
2.29951161544253E+02   2.73359203389770E+02
2.39944684017030E+02   2.56844652837067E+02
2.49944619037997E+02   2.42016187778107E+02
2.59958270067007E+02   2.28647951882466E+02
2.69959146565869E+02   2.16541785828134E+02
2.79946950987863E+02   2.05554939052362E+02
2.89966023102251E+02   1.95574597587676E+02
2.99969910318370E+02   1.86443475090264E+02
3.09966316886550E+02   1.78077419775008E+02
3.14964969143620E+02   1.74162844410719E+02
3.19976472468964E+02   1.70386924234251E+02
3.25983422365164E+02   1.66067032386263E+02
3.29983432192865E+02   1.63314266627265E+02
