Temperature             Resistance
(Kelvin)                (Ohms)

1.81156367844437E+01   1.49756683570315E+04
1.90845562684509E+01   1.37273125294271E+04
2.00583319443830E+01   1.26407173381527E+04
2.11283636675807E+01   1.16043573842532E+04
2.27136491965566E+01   1.03101517147474E+04
2.43092528409123E+01   9.23418527933150E+03
2.58863700472079E+01   8.34220162913020E+03
2.74767339691832E+01   7.58059463068931E+03
2.90689802982242E+01   6.92570894184845E+03
3.08700034524132E+01   6.29234675731976E+03
3.29678853637153E+01   5.66622850288441E+03
3.59591182719252E+01   4.93848748354022E+03
3.89557706007732E+01   4.35244198659125E+03
4.19412338082706E+01   3.87498816846746E+03
4.49443087296255E+01   3.47681049400350E+03
4.79357015770529E+01   3.14344725258302E+03
4.99366162381522E+01   2.94899859816277E+03
5.49296264995013E+01   2.54215542035769E+03
5.99322160851024E+01   2.22042730896824E+03
6.49327848280215E+01   1.96130068265127E+03
6.99350013252626E+01   1.74885266934190E+03
7.49316034927398E+01   1.57227652046206E+03
7.99291876193517E+01   1.42357563007905E+03
8.49267029256522E+01   1.29687520282904E+03
8.99213395615986E+01   1.18790189205016E+03
9.49219390372115E+01   1.09319603295983E+03
9.99159818170435E+01   1.01052204410742E+03
1.09920865026870E+02   8.73050969682160E+02
1.19926671080751E+02   7.64026536606032E+02
1.29918899506206E+02   6.76013755943527E+02
1.39922556293405E+02   6.03497494197498E+02
1.49928788512646E+02   5.43091015148297E+02
1.59934604328959E+02   4.92122170940366E+02
1.69932800207192E+02   4.48724975461084E+02
1.79932680805989E+02   4.11393249550619E+02
1.89933601474896E+02   3.78997944502787E+02
1.99933289049360E+02   3.50765804522694E+02
2.09942383688166E+02   3.25917507650829E+02
2.19952624169220E+02   3.03943771428167E+02
2.29952320328006E+02   2.84456243888879E+02
2.39944449646912E+02   2.67070097162911E+02
2.49945270091048E+02   2.51449801134644E+02
2.59955087223880E+02   2.37367075763878E+02
2.69959665257279E+02   2.24649892247226E+02
2.79947931698173E+02   2.13149548385419E+02
2.89967214157996E+02   2.02628851089274E+02
2.99973019897548E+02   1.93033095281978E+02
3.09966479159785E+02   1.84262096225579E+02
3.14967763491315E+02   1.80156799712545E+02
3.19978084719789E+02   1.76207213223875E+02
3.25984290216423E+02   1.71675456928402E+02
3.29984806614635E+02   1.68796795859051E+02
