Temperature             Resistance
(Kelvin)                (Ohms)

1.81136994338303E+01   1.22644823879948E+04
1.90864504393500E+01   1.12772356487133E+04
2.00592719829829E+01   1.04181588134351E+04
2.11277129039788E+01   9.59639935650486E+03
2.27135782901784E+01   8.56312115282552E+03
2.43097904405254E+01   7.70072104239428E+03
2.58868590442260E+01   6.98363882770164E+03
2.74774076231761E+01   6.36608033983760E+03
2.90688808467737E+01   5.83542941084325E+03
3.08695693125040E+01   5.31934560908129E+03
3.29697882868305E+01   4.80872952595670E+03
3.59597180588359E+01   4.21069289612505E+03
3.89568585202267E+01   3.72689855317666E+03
4.19411854797777E+01   3.33153318822024E+03
4.49431821169473E+01   2.99961737784117E+03
4.79355373711656E+01   2.72103394333941E+03
4.99373593016673E+01   2.55797088507566E+03
5.49298874036145E+01   2.21554984837029E+03
5.99320934251271E+01   1.94333970501800E+03
6.49315289296030E+01   1.72306391301483E+03
6.99345671726191E+01   1.54188124566622E+03
7.49318656833761E+01   1.39063255061022E+03
7.99287511511642E+01   1.26280399560693E+03
8.49267998263518E+01   1.15353870866177E+03
8.99220377758607E+01   1.05927377753460E+03
9.49219903902365E+01   9.77178112959611E+02
9.99171950296146E+01   9.05338155510264E+02
1.09920689008980E+02   7.85338153393727E+02
1.19926678387547E+02   6.89770916575371E+02
1.29917956259637E+02   6.12299462005184E+02
1.39922579732484E+02   5.48302078134074E+02
1.49928062021265E+02   4.94767148448279E+02
1.59934106124815E+02   4.49488458304157E+02
1.69932041750905E+02   4.10806726307609E+02
1.79932427307670E+02   3.77473645779291E+02
1.89933033711258E+02   3.48490202705170E+02
1.99932896844809E+02   3.23124576821807E+02
2.09941668820094E+02   3.00802827565476E+02
2.19952965006520E+02   2.81002152001748E+02
2.29953198236143E+02   2.63418108716648E+02
2.39943758005689E+02   2.47704926738871E+02
2.49943813717492E+02   2.33558055840247E+02
2.59955176060953E+02   2.20820723637035E+02
2.69958256489827E+02   2.09280496277216E+02
2.79949615242684E+02   1.98806930185034E+02
2.89968305356106E+02   1.89245598391469E+02
2.99971917052885E+02   1.80511478348567E+02
3.09966704039536E+02   1.72520033276827E+02
3.14967219005863E+02   1.68756877076636E+02
3.19974984697303E+02   1.65163501738223E+02
3.25986398727461E+02   1.61026686222203E+02
3.29984712445417E+02   1.58390693180340E+02
