Temperature             Resistance
(Kelvin)                (Ohms)

1.81140634725852E+01   8.09059743888061E+03
1.90874058263236E+01   7.49067274063431E+03
2.00580071746889E+01   6.96631631566462E+03
2.11282064178273E+01   6.45846456302931E+03
2.27131218999765E+01   5.81650751973798E+03
2.43078635557287E+01   5.27489930362645E+03
2.58849194200644E+01   4.82058145908072E+03
2.74768896023431E+01   4.42663438650249E+03
2.90646990539522E+01   4.08499498693044E+03
3.08667006652010E+01   3.74997295668134E+03
3.29666154072503E+01   3.41524566858647E+03
3.59566074103134E+01   3.01990660452109E+03
3.89566476391664E+01   2.69655668095067E+03
4.19430910295872E+01   2.42955577606777E+03
4.49454484358309E+01   2.20400147894077E+03
4.79355545709835E+01   2.01302855434321E+03
4.99281918946245E+01   1.90091075933540E+03
5.49264583375065E+01   1.66243627161061E+03
5.99343708806361E+01   1.47090964271644E+03
6.49375747476913E+01   1.31452150227371E+03
6.99340997420125E+01   1.18498996061549E+03
7.49322309301163E+01   1.07584836022762E+03
7.99307617527645E+01   9.82930970447718E+02
8.49245389277405E+01   9.03027820069031E+02
8.99219409628151E+01   8.33554737253308E+02
9.49244498094959E+01   7.72738377297564E+02
9.99155320633381E+01   7.19237644262554E+02
1.09921752550506E+02   6.29188015899254E+02
1.19925470816043E+02   5.56853312494022E+02
1.29917073893479E+02   4.97634329509432E+02
1.39922405666424E+02   4.48352698108535E+02
1.49927560130347E+02   4.06873780949565E+02
1.59932435107542E+02   3.71558197720213E+02
1.69932554728654E+02   3.41177333219465E+02
1.79931427840275E+02   3.14903847538843E+02
1.89931171642647E+02   2.91923391247797E+02
1.99932237976266E+02   2.71734726015194E+02
2.09942520953676E+02   2.53865104217498E+02
2.19951644911252E+02   2.37973090643270E+02
2.29954769579947E+02   2.23785146454256E+02
2.39947271213039E+02   2.11064995483036E+02
2.49948128702475E+02   1.99598320833540E+02
2.59960087166258E+02   1.89197807544532E+02
2.69961154663821E+02   1.79773523286596E+02
2.79949119621941E+02   1.71204944626182E+02
2.89966761541511E+02   1.63341412534499E+02
2.99972342252056E+02   1.56152981824780E+02
3.09968736793921E+02   1.49546689636717E+02
3.14965552700870E+02   1.46446106368222E+02
3.19978879510812E+02   1.43457775689498E+02
3.25987218002917E+02   1.40027374287137E+02
3.29983312331143E+02   1.37835422369135E+02
