Temperature             Resistance
(Kelvin)                (Ohms)

1.81123566766970E+01   7.41970025337368E+03
1.90844112634657E+01   6.87983681122760E+03
2.00593588753618E+01   6.40396434662118E+03
2.11282827209285E+01   5.94643319584922E+03
2.27141642966514E+01   5.36554896068692E+03
2.43082077485228E+01   4.87475952051377E+03
2.58849028101767E+01   4.46182167931836E+03
2.74750341974003E+01   4.10352631878053E+03
2.90662359263405E+01   3.79134364495016E+03
3.08680914977317E+01   3.48562748779415E+03
3.29655500110513E+01   3.18007205532269E+03
3.59589943974568E+01   2.81707686848272E+03
3.89557374017461E+01   2.52037281709620E+03
4.19423286276223E+01   2.27453488911829E+03
4.49446041371463E+01   2.06685371079274E+03
4.79317408483519E+01   1.89049750608163E+03
4.99339560764541E+01   1.78653392861440E+03
5.49284223850830E+01   1.56581650333427E+03
5.99340708883054E+01   1.38805461272648E+03
6.49343440743371E+01   1.24266649377296E+03
6.99349310002495E+01   1.12188991767056E+03
7.49321235270435E+01   1.02000070631333E+03
7.99304983748576E+01   9.33091101882152E+02
8.49262795689348E+01   8.58257819705226E+02
8.99211706142098E+01   7.93205289327228E+02
9.49216483890840E+01   7.36118049443826E+02
9.99180585004216E+01   6.85763019716089E+02
1.09921978835756E+02   6.01033688018071E+02
1.19923144493937E+02   5.32788809458214E+02
1.29915032356832E+02   4.76836675727583E+02
1.39920692185477E+02   4.30221544813526E+02
1.49925444713476E+02   3.90907224416240E+02
1.59931248904854E+02   3.57371100468258E+02
1.69930894495338E+02   3.28546834478841E+02
1.79928516290927E+02   3.03512034389901E+02
1.89930403761823E+02   2.81624320343358E+02
1.99931017969826E+02   2.62373035291224E+02
2.09945088656312E+02   2.45312409454900E+02
2.19949320969000E+02   2.30134263419965E+02
2.29951584293068E+02   2.16583940741833E+02
2.39945483283060E+02   2.04413327514313E+02
2.49943837920097E+02   1.93432707431401E+02
2.59959302396906E+02   1.83484544446035E+02
2.69959492547395E+02   1.74452097807369E+02
2.79947613199246E+02   1.66226066620541E+02
2.89963808857754E+02   1.58678775313408E+02
2.99971132241828E+02   1.51776058752523E+02
3.09966229125987E+02   1.45431846081690E+02
3.14963710344226E+02   1.42453177849767E+02
3.19976907212722E+02   1.39580347333949E+02
3.25984051138613E+02   1.36278706015508E+02
3.29983377135868E+02   1.34172443493175E+02
