Temperature             Resistance
(Kelvin)                (Ohms)

1.81156331039597E+01   1.15708187121483E+04
1.90856825254316E+01   1.06511643096629E+04
2.00585138366192E+01   9.84823867973368E+03
2.11269770029323E+01   9.07950222414213E+03
2.27136755447902E+01   8.11085979711951E+03
2.43087258737535E+01   7.30243715212797E+03
2.58846092462713E+01   6.62978246123570E+03
2.74753880585854E+01   6.05103171862520E+03
2.90710780841285E+01   5.54955369939671E+03
3.08697307414244E+01   5.06407815241710E+03
3.29661553627483E+01   4.58303299551485E+03
3.59578249910791E+01   4.01774729830049E+03
3.89540360509352E+01   3.56071908092423E+03
4.19417451754360E+01   3.18569338991028E+03
4.49451246236181E+01   2.87142922717749E+03
4.79350275811910E+01   2.60723614583749E+03
4.99350201540704E+01   2.45246903544448E+03
5.49293088707094E+01   2.12692232835916E+03
5.99328319021821E+01   1.86762563285456E+03
6.49343425273057E+01   1.65779928264898E+03
6.99342690897889E+01   1.48493457965874E+03
7.49312990462810E+01   1.34050112178913E+03
7.99291273790433E+01   1.21831972278226E+03
8.49255112779933E+01   1.11374256721501E+03
8.99211320875915E+01   1.02345820442484E+03
9.49220576546332E+01   9.44725732659623E+02
9.99145939007419E+01   8.75725866962622E+02
1.09921043197078E+02   7.60589639642716E+02
1.19926585781633E+02   6.68760114810091E+02
1.29918023898523E+02   5.94129455732341E+02
1.39923657850914E+02   5.32491348142347E+02
1.49928343459284E+02   4.80873334441477E+02
1.59933782244779E+02   4.37175531216644E+02
1.69932683119931E+02   3.99816503707479E+02
1.79932130045306E+02   3.67590119653937E+02
1.89934122254593E+02   3.39552301463229E+02
1.99933453177693E+02   3.15049032730195E+02
2.09941229397798E+02   2.93391153694872E+02
2.19953034056073E+02   2.74219731924403E+02
2.29952961089523E+02   2.57167541359822E+02
2.39945058642785E+02   2.41932104656607E+02
2.49946387573388E+02   2.28215765462715E+02
2.59957437175572E+02   2.15850703437381E+02
2.69961034117791E+02   2.04630223376249E+02
2.79949004483283E+02   1.94465834146857E+02
2.89966730128958E+02   1.85167777366229E+02
2.99971072536408E+02   1.76692875586010E+02
3.09964315081896E+02   1.68917041517054E+02
3.14968742502380E+02   1.65269546286004E+02
3.19979395024928E+02   1.61755119381268E+02
3.25985943048703E+02   1.57738254827872E+02
3.29982307192130E+02   1.55163684984600E+02
