Temperature             Resistance
(Kelvin)                (Ohms)

1.81146043350508E+01   1.25727141135526E+04
1.90855639652575E+01   1.15563669108142E+04
2.00583866410336E+01   1.06719089730748E+04
2.11276742864560E+01   9.82584178623188E+03
2.27136394751690E+01   8.76259042534435E+03
2.43094506180161E+01   7.87607486459785E+03
2.58865705530331E+01   7.13922730065228E+03
2.74768263358844E+01   6.50693430665201E+03
2.90688654643379E+01   5.96161303675188E+03
3.08693382378174E+01   5.43194498529939E+03
3.29691651867777E+01   4.90777700479505E+03
3.59598101577075E+01   4.29534524879889E+03
3.89561802421546E+01   3.79973921532026E+03
4.19409407025577E+01   3.39500418378379E+03
4.49439382571991E+01   3.05560265535499E+03
4.79358613317665E+01   2.77039470347588E+03
4.99371509861109E+01   2.60383205336900E+03
5.49300701260081E+01   2.25402585952905E+03
5.99323951852687E+01   1.97608543388276E+03
6.49324228650703E+01   1.75130654606599E+03
6.99345975393949E+01   1.56635603523529E+03
7.49317583497274E+01   1.41218049284278E+03
7.99290962805807E+01   1.28185482568285E+03
8.49270926932903E+01   1.17055344953524E+03
8.99217176014882E+01   1.07446290451963E+03
9.49217413082932E+01   9.91007405269832E+02
9.99167507670882E+01   9.17729510417850E+02
1.09921098322693E+02   7.95747539844083E+02
1.19927753723083E+02   6.98506705176529E+02
1.29918433320647E+02   6.19824715486158E+02
1.39923520932450E+02   5.54781142966757E+02
1.49928651289686E+02   5.00402074324082E+02
1.59934310783887E+02   4.54433430382281E+02
1.69932266352549E+02   4.15177025916076E+02
1.79932650825048E+02   3.81333791261460E+02
1.89936868318146E+02   3.51934540889997E+02
1.99933767715605E+02   3.26214567565893E+02
2.09942163372306E+02   3.03550270274217E+02
2.19952092167244E+02   2.83504904912449E+02
2.29951476361510E+02   2.65671062770396E+02
2.39944814831120E+02   2.49728525539287E+02
2.49945669274757E+02   2.35414941899530E+02
2.59955515759635E+02   2.22495394405979E+02
2.69958981923872E+02   2.10797032673695E+02
2.79946941436825E+02   2.00191394020152E+02
2.89966526049862E+02   1.90508839723836E+02
2.99970952824028E+02   1.81665163006898E+02
3.09966327718083E+02   1.73561899927579E+02
3.14968622142390E+02   1.69758087955123E+02
3.19978632007695E+02   1.66115581121616E+02
3.25984035842606E+02   1.61920544570695E+02
3.29983881622645E+02   1.59245111487068E+02
